Tipo,TOS_30H2_CO2 [h],X_CH4_30H2_CO2 [%],X_CO2_30H2_CO2 [%]
30_H2_CO2_C2,25.08333,44.40903,56.40732
30_H2_CO2_C2,25.22444,43.55315,55.84426
30_H2_CO2_C2,25.36611,42.99698,55.40376
30_H2_CO2_C2,25.50778,42.50366,54.99131
30_H2_CO2_C2,25.64944,42.33335,54.66956
30_H2_CO2_C2,25.79111,42.00951,54.44247
30_H2_CO2_C2,25.93278,41.84874,54.27044
30_H2_CO2_C2,26.07444,41.23082,53.75364
30_H2_CO2_C2,26.21611,41.03949,53.66923
30_H2_CO2_C2,26.35778,40.72914,53.56964
30_H2_CO2_C2,26.49917,40.64812,53.28792
30_H2_CO2_C2,26.64083,40.53667,53.07096
30_H2_CO2_C2,26.78278,40.34213,53.01574
30_H2_CO2_C2,26.92417,40.2413,52.97101
30_H2_CO2_C2,27.06583,40.11669,52.71376
30_H2_CO2_C2,27.20722,39.53894,52.30503
30_H2_CO2_C2,27.34917,39.24564,51.98604
30_H2_CO2_C2,27.49083,38.80498,51.51665
30_H2_CO2_C2,27.63222,38.75413,51.42046
30_H2_CO2_C2,27.77361,38.64023,51.30809
30_H2_CO2_C2,27.91528,38.49954,51.29416
30_H2_CO2_C2,28.05667,38.38869,51.138
30_H2_CO2_C2,28.19833,38.32109,51.05253
30_H2_CO2_C2,28.34,38.20829,51.09469
30_H2_CO2_C2,28.48167,38.12669,50.79053
30_H2_CO2_C2,28.62306,38.0958,50.73907
30_H2_CO2_C2,28.765,37.94748,50.76824
30_H2_CO2_C2,28.90667,37.92283,50.51624
30_H2_CO2_C2,29.04833,37.87354,50.56957
30_H2_CO2_C2,29.18972,37.78328,50.58237
30_H2_CO2_C2,29.33139,37.56181,50.38907
30_H2_CO2_C2,29.47306,37.57369,50.31111
30_H2_CO2_C2,29.615,37.47304,50.16575
30_H2_CO2_C2,29.75611,37.38706,50.24919
30_H2_CO2_C2,29.89778,37.41214,50.17125
30_H2_CO2_C2,30.03972,37.18185,50.25459
30_H2_CO2_C2,30.18083,37.1441,50.00393
30_H2_CO2_C2,30.3225,37.10639,49.84897
30_H2_CO2_C2,30.46417,37.07954,49.86754
30_H2_CO2_C2,30.60611,36.88309,49.77547
30_H2_CO2_C2,30.74778,36.95125,49.63248
30_H2_CO2_C2,30.88889,36.8104,49.71364
30_H2_CO2_C2,31.03056,36.70269,49.67596
30_H2_CO2_C2,31.1725,36.65322,49.59752
30_H2_CO2_C2,31.31417,36.65825,49.44273
30_H2_CO2_C2,31.45556,36.54519,49.38892
30_H2_CO2_C2,31.59722,36.55301,49.31288
30_H2_CO2_C2,31.73889,36.38594,49.23972
30_H2_CO2_C2,31.88083,36.34916,49.21119
30_H2_CO2_C2,32.02194,36.39923,49.25057
30_H2_CO2_C2,32.16361,36.2898,49.09888
30_H2_CO2_C2,32.30556,36.22532,48.99851
30_H2_CO2_C2,32.44722,36.22631,49.09979
30_H2_CO2_C2,32.58861,36.13474,49.077
30_H2_CO2_C2,32.73028,36.10044,49.01958
30_H2_CO2_C2,32.87167,35.96664,48.95021
30_H2_CO2_C2,33.01306,36.00729,48.87543
30_H2_CO2_C2,33.15472,35.9165,48.77183
30_H2_CO2_C2,33.29639,35.78755,48.81839
30_H2_CO2_C2,33.43778,35.82728,48.72872
30_H2_CO2_C2,33.57972,35.82895,48.7633
30_H2_CO2_C2,33.72139,35.76844,48.65312
30_H2_CO2_C2,33.86306,35.6383,48.48348
30_H2_CO2_C2,34.00472,35.7477,48.59435
30_H2_CO2_C2,34.14611,35.57086,48.61094
30_H2_CO2_C2,34.28778,35.15994,48.56358
30_H2_CO2_C2,34.42944,35.5551,48.3877
30_H2_CO2_C2,34.57056,35.34439,48.3478
30_H2_CO2_C2,34.71222,35.46603,48.31937
30_H2_CO2_C2,34.85389,35.36166,48.33405
30_H2_CO2_C2,34.99528,35.40236,48.35391
30_H2_CO2_C2,35.13694,35.27501,48.18771
30_H2_CO2_C2,35.27861,35.32178,48.09347
30_H2_CO2_C2,35.42056,35.29198,48.12534
30_H2_CO2_C2,35.56194,35.23059,47.93196
30_H2_CO2_C2,35.70361,35.2029,48.08528
30_H2_CO2_C2,35.84556,35.08534,48.05445
30_H2_CO2_C2,35.98722,35.0421,47.99227
30_H2_CO2_C2,36.12833,35.10058,47.87195
30_H2_CO2_C2,36.27028,34.93926,47.89357
30_H2_CO2_C2,36.41167,35.10479,47.70384
30_H2_CO2_C2,36.55361,34.84465,47.8762
30_H2_CO2_C2,36.695,34.82211,47.7387
30_H2_CO2_C2,36.83639,34.82538,47.77718
30_H2_CO2_C2,36.97806,34.90924,47.74306
30_H2_CO2_C2,37.11944,34.76882,47.65456
30_H2_CO2_C2,37.26111,34.79166,47.73276
30_H2_CO2_C2,37.40278,34.69402,47.74388
30_H2_CO2_C2,37.54444,34.73371,47.55145
30_H2_CO2_C2,37.68583,34.72299,47.48059
30_H2_CO2_C2,37.8275,34.65394,47.37836
30_H2_CO2_C2,37.96917,34.63703,47.43569
30_H2_CO2_C2,38.11083,34.56258,47.3385
30_H2_CO2_C2,38.2525,34.58785,47.26711
30_H2_CO2_C2,38.39417,34.5064,47.41137
30_H2_CO2_C2,38.53583,34.42815,47.40586
30_H2_CO2_C2,38.67722,34.4003,47.3418
30_H2_CO2_C2,38.81889,34.42043,47.31339
30_H2_CO2_C2,38.96056,34.31429,47.22253
30_H2_CO2_C2,39.1025,34.29003,47.15959
30_H2_CO2_C2,39.24389,34.32861,47.2287
30_H2_CO2_C2,39.38528,34.27279,47.17562
30_H2_CO2_C2,39.52694,34.17054,47.07908
30_H2_CO2_C2,39.66861,34.22991,47.12223
30_H2_CO2_C2,39.81,34.14245,46.94666
30_H2_CO2_C2,39.95167,34.17851,46.92527
30_H2_CO2_C2,40.09361,34.06484,47.05742
30_H2_CO2_C2,40.23528,34.12939,47.01075
30_H2_CO2_C2,40.37667,34.04176,46.72298
30_H2_CO2_C2,40.51833,33.94402,46.93533
30_H2_CO2_C2,40.66,33.93558,46.83285
30_H2_CO2_C2,40.80139,33.97589,46.88627
30_H2_CO2_C2,40.94333,33.8775,46.74691
30_H2_CO2_C2,41.08444,33.92217,46.77475
30_H2_CO2_C2,41.22639,33.95637,46.83248
30_H2_CO2_C2,41.36778,33.84854,46.66096
30_H2_CO2_C2,41.50944,33.73452,46.61928
30_H2_CO2_C2,41.65111,33.73787,46.63251
30_H2_CO2_C2,41.79278,33.74079,46.56012
30_H2_CO2_C2,41.93444,33.64762,46.61995
30_H2_CO2_C2,42.07583,33.77711,46.63214
30_H2_CO2_C2,42.2175,33.66206,46.49284
30_H2_CO2_C2,42.35917,33.67583,46.52296
30_H2_CO2_C2,42.50083,33.67409,46.52414
30_H2_CO2_C2,42.6425,33.62746,46.59193
30_H2_CO2_C2,42.78417,33.57573,46.43654
30_H2_CO2_C2,42.92583,33.60354,46.4435
30_H2_CO2_C2,43.0675,33.46543,46.30622
30_H2_CO2_C2,43.20917,33.46502,46.34802
30_H2_CO2_C2,43.35083,33.4504,46.38679
30_H2_CO2_C2,43.49222,33.36699,46.42658
30_H2_CO2_C2,43.63361,33.51691,46.15857
30_H2_CO2_C2,43.77528,33.43814,46.41989
30_H2_CO2_C2,43.91694,33.23097,46.29685
30_H2_CO2_C2,44.05833,33.39136,46.11994
30_H2_CO2_C2,44.2,33.26502,46.22531
30_H2_CO2_C2,44.34194,33.36,46.24628
30_H2_CO2_C2,44.48361,33.24108,46.19249
30_H2_CO2_C2,44.625,33.25054,46.10016
30_H2_CO2_C2,44.76667,33.20937,46.06335
30_H2_CO2_C2,44.90833,33.30418,46.12857
30_H2_CO2_C2,45.05,33.20874,45.99071
30_H2_CO2_C2,45.19139,33.14372,46.0079
30_H2_CO2_C2,45.33306,33.01939,46.07104
30_H2_CO2_C2,45.47472,33.05645,45.9344
30_H2_CO2_C2,45.61639,33.04105,45.9039
30_H2_CO2_C2,45.75806,33.10591,45.86619
30_H2_CO2_C2,45.89944,32.93362,45.90731
30_H2_CO2_C2,46.04083,32.96131,45.91755
30_H2_CO2_C2,46.18278,33.01797,45.94517
30_H2_CO2_C2,46.32444,32.91476,45.84797
30_H2_CO2_C2,46.46611,32.91391,45.61841
30_H2_CO2_C2,46.6075,32.91789,45.79007
30_H2_CO2_C2,46.74944,32.84722,45.65681
30_H2_CO2_C2,46.89111,32.89592,45.67311
30_H2_CO2_C2,47.03278,32.85767,45.76421
30_H2_CO2_C2,47.17417,32.83462,45.64209
30_H2_CO2_C2,47.31556,32.73332,45.50382
30_H2_CO2_C2,47.45722,32.72619,45.58452
30_H2_CO2_C2,47.59861,32.7408,45.71296
30_H2_CO2_C2,47.74028,32.68396,45.62755
30_H2_CO2_C2,47.88194,32.66909,45.50052
30_H2_CO2_C2,48.02361,32.64834,45.48897
30_H2_CO2_C2,48.16528,32.612,45.5607
30_H2_CO2_C2,48.30694,32.5343,45.50855
30_H2_CO2_C2,48.44861,32.58441,45.4566
30_H2_CO2_C2,48.59056,32.54842,45.59
30_H2_CO2_C2,48.73194,32.61002,45.5202
30_H2_CO2_C2,48.87361,32.63586,45.59139
4CO2_C2,24.08333,35.98299,46.54268
4CO2_C2,24.22472,34.85966,45.93851
4CO2_C2,24.36639,34.14344,45.08358
4CO2_C2,24.50806,33.10139,44.27144
4CO2_C2,24.64972,32.87852,43.93357
4CO2_C2,24.79167,32.27126,43.3315
4CO2_C2,24.93278,32.00804,43.04526
4CO2_C2,25.07444,31.87041,42.70124
4CO2_C2,25.21611,31.54369,42.39887
4CO2_C2,25.35778,31.31543,42.24789
4CO2_C2,25.49917,31.15039,41.99866
4CO2_C2,25.64083,30.80237,41.64237
4CO2_C2,25.7825,30.48288,41.53897
4CO2_C2,25.92417,30.45719,41.44159
4CO2_C2,26.06583,30.40503,41.27932
4CO2_C2,26.2075,30.23147,41.05605
4CO2_C2,26.34944,30.12503,41.04221
4CO2_C2,26.49111,30.02954,40.78792
4CO2_C2,26.63222,29.90346,40.67783
4CO2_C2,26.77389,29.74475,40.63251
4CO2_C2,26.91556,29.70714,40.48577
4CO2_C2,27.05694,29.63242,40.25224
4CO2_C2,27.19861,29.55737,40.35484
4CO2_C2,27.34056,29.16242,40.03396
4CO2_C2,27.48194,29.12449,39.86763
4CO2_C2,27.62361,29.16627,39.8963
4CO2_C2,27.76556,29.02383,39.73946
4CO2_C2,27.90694,28.87385,39.61698
4CO2_C2,28.04833,28.90717,39.57492
4CO2_C2,28.19028,28.8229,39.45447
4CO2_C2,28.33194,28.76169,39.42551
4CO2_C2,28.47361,28.75325,39.28575
4CO2_C2,28.615,28.70722,39.24338
4CO2_C2,28.75667,28.56442,39.18316
4CO2_C2,28.89833,28.57251,39.17645
4CO2_C2,29.03944,28.53311,39.2098
4CO2_C2,29.18111,28.32241,38.8657
4CO2_C2,29.32278,28.42628,39.0068
4CO2_C2,29.46444,28.44628,38.8768
4CO2_C2,29.60639,28.20639,39.07183
4CO2_C2,29.74806,28.22771,38.81712
4CO2_C2,29.88972,28.07655,38.72887
4CO2_C2,30.03111,28.06787,38.7502
4CO2_C2,30.17278,28.11809,38.74596
4CO2_C2,30.31389,28.05043,38.506
4CO2_C2,30.45556,28.03254,38.64746
4CO2_C2,30.59722,28.00917,38.5918
4CO2_C2,30.73889,27.94304,38.52986
4CO2_C2,30.88056,27.95418,38.4221
4CO2_C2,31.02222,27.83368,38.47218
4CO2_C2,31.16361,27.83485,38.66066
4CO2_C2,31.30528,27.82239,38.22763
4CO2_C2,31.44694,27.74992,38.22649
4CO2_C2,31.58861,27.63988,38.25492
4CO2_C2,31.73028,27.74863,38.34044
4CO2_C2,31.87167,27.63875,38.2997
4CO2_C2,32.01333,27.57982,38.11713
4CO2_C2,32.155,27.49416,38.07305
4CO2_C2,32.29667,27.63201,38.06488
4CO2_C2,32.43806,27.50176,37.98676
4CO2_C2,32.57972,27.45388,37.96947
4CO2_C2,32.72139,27.41882,37.95695
4CO2_C2,32.86306,27.43024,38.02557
4CO2_C2,33.00472,27.37894,37.8812
4CO2_C2,33.14639,27.38038,37.92799
4CO2_C2,33.28778,27.33533,37.72492
4CO2_C2,33.42944,27.31142,37.82074
4CO2_C2,33.57111,27.22844,37.57734
4CO2_C2,33.71278,27.18411,37.65071
4CO2_C2,33.85444,27.26045,37.7918
4CO2_C2,33.99583,27.16425,37.64258
4CO2_C2,34.13778,27.15133,37.66115
4CO2_C2,34.27917,27.12704,37.62242
4CO2_C2,34.42083,27.08365,37.59852
4CO2_C2,34.5625,27.11893,37.48594
4CO2_C2,34.70417,27.10095,37.48877
4CO2_C2,34.84611,27.07874,37.58303
4CO2_C2,34.9875,27.04067,37.4732
4CO2_C2,35.12917,27.02377,37.49643
4CO2_C2,35.27083,26.96249,37.26335
4CO2_C2,35.4125,26.88327,37.48149
4CO2_C2,35.55361,26.85676,37.39056
4CO2_C2,35.69528,26.95856,37.17479
4CO2_C2,35.83694,26.85665,37.25144
4CO2_C2,35.97833,26.79551,37.34326
4CO2_C2,36.12,26.842,37.26474
4CO2_C2,36.26167,26.80644,37.19482
4CO2_C2,36.40333,26.78425,37.17356
4CO2_C2,36.54472,26.75235,37.16811
4CO2_C2,36.68667,26.71606,37.2146
4CO2_C2,36.82833,26.75864,37.21734
4CO2_C2,36.97,26.78269,37.10378
4CO2_C2,37.11139,26.6467,37.02859
4CO2_C2,37.25333,26.6969,36.95092
4CO2_C2,37.395,26.63491,37.12424
4CO2_C2,37.53639,26.55772,36.96747
4CO2_C2,37.67806,26.62149,36.98057
4CO2_C2,37.81944,26.53586,37.00221
4CO2_C2,37.96111,26.53041,36.91395
4CO2_C2,38.10278,26.501,36.97771
4CO2_C2,38.24444,26.43482,36.9309
4CO2_C2,38.38583,26.50096,36.83767
4CO2_C2,38.5275,26.52667,37.0367
4CO2_C2,38.66944,26.45021,36.95392
4CO2_C2,38.81111,26.43668,36.67718
4CO2_C2,38.95278,26.44476,36.83053
4CO2_C2,39.09389,26.39722,36.76539
4CO2_C2,39.23556,26.417,36.8275
4CO2_C2,39.37722,26.2981,36.63124
4CO2_C2,39.51861,26.34289,36.78565
4CO2_C2,39.66028,26.4186,36.72302
4CO2_C2,39.80194,26.31559,36.70595
4CO2_C2,39.94361,26.30611,36.69382
4CO2_C2,40.08556,26.24732,36.67173
4CO2_C2,40.22694,26.23819,36.68584
4CO2_C2,40.36889,26.35149,36.57396
4CO2_C2,40.51028,26.23034,36.67884
4CO2_C2,40.65167,26.17768,36.47078
4CO2_C2,40.79333,26.18791,36.63371
4CO2_C2,40.935,26.16664,36.66491
4CO2_C2,41.07694,26.16369,36.53984
4CO2_C2,41.21833,26.11528,36.61783
4CO2_C2,41.35972,26.18792,36.51709
4CO2_C2,41.50139,26.04912,36.41501
4CO2_C2,41.64306,26.1567,36.44549
4CO2_C2,41.78472,26.02784,36.49372
4CO2_C2,41.92639,26.05582,36.30763
4CO2_C2,42.06778,26.07619,36.33286
4CO2_C2,42.20944,25.97469,36.36294
4CO2_C2,42.35139,25.9953,36.37134
4CO2_C2,42.49306,25.99834,36.2469
4CO2_C2,42.63444,25.91366,36.16067
4CO2_C2,42.77583,25.97773,36.31043
4CO2_C2,42.9175,25.98837,36.43406
4CO2_C2,43.05944,25.96298,36.2496
4CO2_C2,43.20111,25.90678,36.17732
4CO2_C2,43.3425,25.92493,36.1506
4CO2_C2,43.48417,25.92613,36.23168
4CO2_C2,43.62556,25.94233,36.17725
4CO2_C2,43.76722,25.90931,36.16747
4CO2_C2,43.90861,25.83597,36.16279
4CO2_C2,44.05028,25.82187,36.16896
4CO2_C2,44.19194,25.77789,36.14236
4CO2_C2,44.33361,25.82655,35.99523
4CO2_C2,44.47528,25.81769,36.18775
4CO2_C2,44.61667,25.76016,36.1925
4CO2_C2,44.75833,25.72846,36.02233
4CO2_C2,44.90028,25.70349,36.06972
4CO2_C2,45.04194,25.78728,36.04453
4CO2_C2,45.18361,25.8181,35.95056
4CO2_C2,45.325,25.69029,36.02986
4CO2_C2,45.46667,25.62689,35.80551
4CO2_C2,45.60806,25.66789,35.98947
4CO2_C2,45.75,25.65427,36.01832
4CO2_C2,45.89167,25.64788,35.85298
4CO2_C2,46.03333,25.60921,35.9071
4CO2_C2,46.17472,25.63073,35.83028
4CO2_C2,46.31611,25.68274,35.7914
4CO2_C2,46.45778,25.69932,35.83607
4CO2_C2,46.59917,25.69965,35.84838
4CO2_C2,46.74083,25.63124,35.94773
4CO2_C2,46.88278,25.48422,35.78067
4CO2_C2,47.02444,25.46189,35.73293
4CO2_C2,47.16556,25.565,35.71516
4CO2_C2,47.3075,25.61831,35.73402
4CO2_C2,47.44917,25.5243,35.99155
4CO2_C2,47.59056,25.50168,35.65202
4CO2_C2,47.73222,25.5565,35.81513
4CO2_C2,47.87389,25.46031,35.79943
30CO2_C2,24.58333,-0.1491,-0.1415
30CO2_C2,24.72472,-0.13528,-0.1173
30CO2_C2,24.86611,-0.16024,0.06447
30CO2_C2,25.00806,-0.03962,-0.04935
30CO2_C2,25.14972,-0.32604,0.19485
30CO2_C2,25.29139,-0.45594,0.27194
30CO2_C2,25.43306,-0.0672,-0.10443
30CO2_C2,25.57417,-0.03473,0.31317
30CO2_C2,25.71583,0.48838,1.50972
30CO2_C2,25.8575,1.32951,2.9306
30CO2_C2,25.99944,2.23833,4.88528
30CO2_C2,26.14083,3.3277,6.8172
30CO2_C2,26.2825,3.9815,8.18997
30CO2_C2,26.42417,4.72048,9.64701
30CO2_C2,26.56611,5.33844,10.68426
30CO2_C2,26.70722,5.85636,11.41071
30CO2_C2,26.84889,6.26208,12.3427
30CO2_C2,26.99056,6.62705,13.01408
30CO2_C2,27.13222,6.92148,13.63234
30CO2_C2,27.27389,7.19933,14.10421
30CO2_C2,27.41528,7.51239,14.15876
30CO2_C2,27.55694,7.60752,14.51943
30CO2_C2,27.69889,7.76375,15.03844
30CO2_C2,27.84056,7.8784,15.08874
30CO2_C2,27.98194,8.09065,15.37523
30CO2_C2,28.12361,8.11182,15.62053
30CO2_C2,28.26528,8.09659,15.59626
30CO2_C2,28.40667,8.35603,15.82904
30CO2_C2,28.54833,8.36968,15.97595
30CO2_C2,28.69,8.48831,16.22977
30CO2_C2,28.83167,8.68835,16.21206
30CO2_C2,28.97333,8.64936,16.34651
30CO2_C2,29.11444,8.80659,16.56888
30CO2_C2,29.25611,8.79324,16.69097
30CO2_C2,29.39806,8.8326,16.62239
30CO2_C2,29.53972,8.91258,16.60995
30CO2_C2,29.68111,8.79213,16.75009
30CO2_C2,29.8225,8.94924,16.92698
30CO2_C2,29.96444,9.04129,16.94549
30CO2_C2,30.10611,9.13873,16.87303
30CO2_C2,30.24778,8.99124,16.92104
30CO2_C2,30.38917,9.14481,16.96124
30CO2_C2,30.53111,9.06237,17.08102
30CO2_C2,30.67222,9.14199,17.12714
30CO2_C2,30.81389,9.16004,17.1685
30CO2_C2,30.95556,9.28364,17.23456
30CO2_C2,31.09694,9.27921,17.19647
30CO2_C2,31.23861,9.26468,17.39657
30CO2_C2,31.38028,9.22732,17.43895
30CO2_C2,31.52222,9.17832,17.39765
30CO2_C2,31.66361,9.2263,17.42947
30CO2_C2,31.80528,9.24503,17.30506
30CO2_C2,31.94694,9.33015,17.48333
30CO2_C2,32.08833,9.38992,17.47054
30CO2_C2,32.23,9.41589,17.68528
30CO2_C2,32.37167,9.4715,17.7669
30CO2_C2,32.51333,9.20784,17.72412
30CO2_C2,32.65472,9.40545,17.7416
30CO2_C2,32.79639,9.46683,17.51655
30CO2_C2,32.93806,9.28808,17.76455
30CO2_C2,33.07972,9.5108,17.4691
30CO2_C2,33.22111,9.46125,17.55185
30CO2_C2,33.36278,9.60541,17.83883
30CO2_C2,33.50444,9.73454,17.8096
30CO2_C2,33.64611,9.56031,17.87705
30CO2_C2,33.7875,9.51758,17.76431
30CO2_C2,33.92917,9.67605,17.76859
30CO2_C2,34.07083,9.52076,17.84238
30CO2_C2,34.2125,9.62693,17.67842
30CO2_C2,34.35417,9.66723,17.81947
30CO2_C2,34.49556,9.61724,17.79084
30CO2_C2,34.6375,9.58339,17.87856
30CO2_C2,34.77917,9.64851,17.85068
30CO2_C2,34.92056,9.62729,17.90909
30CO2_C2,35.06222,9.72141,17.94515
30CO2_C2,35.20361,9.74549,17.97277
30CO2_C2,35.34528,9.70186,18.04146
30CO2_C2,35.48667,9.75007,18.04143
30CO2_C2,35.62861,9.83802,18.0918
30CO2_C2,35.77028,9.70995,18.0773
30CO2_C2,35.91167,9.70264,18.00588
30CO2_C2,36.05333,9.76152,18.19251
30CO2_C2,36.19528,9.79026,18.14666
30CO2_C2,36.33667,9.71701,18.08377
30CO2_C2,36.47861,9.69227,18.03045
30CO2_C2,36.62,9.70181,18.18304
30CO2_C2,36.76139,9.66166,18.20705
30CO2_C2,36.90333,9.75103,18.21946
30CO2_C2,37.04472,9.71215,18.10591
30CO2_C2,37.18639,9.82691,18.32998
30CO2_C2,37.32806,9.83226,18.18282
30CO2_C2,37.46972,9.82831,18.08031
30CO2_C2,37.61139,9.76888,18.15792
30CO2_C2,37.75278,9.86167,18.28879
30CO2_C2,37.89417,9.70153,18.32362
30CO2_C2,38.03611,9.83158,18.30006
30CO2_C2,38.17778,9.7282,18.08353
30CO2_C2,38.31944,9.91161,18.31022
30CO2_C2,38.46083,9.80539,18.27697
30CO2_C2,38.60222,9.76003,18.18028
30CO2_C2,38.74389,9.93061,18.12466
30CO2_C2,38.88583,9.78887,18.34261
30CO2_C2,39.0275,9.74137,18.19409
30CO2_C2,39.16861,9.86118,18.32249
30CO2_C2,39.31028,9.93306,18.29023
30CO2_C2,39.45194,9.86084,18.26979
30CO2_C2,39.59361,9.91034,18.42593
30CO2_C2,39.87667,9.75815,18.55422
30CO2_C2,40.01833,9.81116,18.4101
30CO2_C2,40.16,9.91445,18.44757
30CO2_C2,40.30167,9.85806,18.42146
30CO2_C2,40.44361,9.82738,18.40001
30CO2_C2,40.60139,9.92,18.33157
30CO2_C2,40.74333,9.85358,18.33686
30CO2_C2,40.88472,9.92596,18.52464
30CO2_C2,41.02639,9.821,18.14243
30CO2_C2,41.16806,9.94749,18.38513
30CO2_C2,41.30944,9.93453,18.28715
30CO2_C2,41.45111,9.88451,18.36826
30CO2_C2,41.59278,9.99864,18.45097
30CO2_C2,41.73472,10.01492,18.36142
30CO2_C2,41.87611,9.92661,18.3014
30CO2_C2,42.01778,9.83271,18.3303
30CO2_C2,42.15944,9.97555,18.40895
30CO2_C2,42.30139,10.00423,18.26026
30CO2_C2,42.44278,9.93119,18.48067
30CO2_C2,42.58444,9.77029,17.96062
30CO2_C2,42.72611,9.67243,18.00904
30CO2_C2,42.8675,9.71162,18.18985
30CO2_C2,43.00917,9.68116,17.77034
30CO2_C2,43.15056,9.67109,17.86007
30CO2_C2,43.29222,9.73783,18.26188
30CO2_C2,43.43361,9.81674,18.21562
30CO2_C2,43.57528,9.647,18.02311
30CO2_C2,43.71722,9.72757,17.98412
30CO2_C2,43.85861,9.74661,17.94526
30CO2_C2,44.00028,9.70713,18.12197
30CO2_C2,44.14222,9.66045,18.10596
30CO2_C2,44.28361,9.70979,17.80862
30CO2_C2,44.42528,9.5267,17.75499
30CO2_C2,44.56694,9.69647,17.94962
30CO2_C2,44.70833,9.69074,17.9757
30CO2_C2,44.84972,9.63514,18.0018
30CO2_C2,44.99139,9.70823,17.92365
30CO2_C2,45.13306,9.77399,18.14658
30CO2_C2,45.27472,9.75372,18.21929
30CO2_C2,45.41639,9.72758,18.05364
30CO2_C2,45.55806,9.8433,18.0424
30CO2_C2,45.69972,9.66453,17.9924
30CO2_C2,45.84139,9.82675,17.78611
30CO2_C2,45.9825,9.75178,18.08665
30CO2_C2,46.12444,9.71885,18.12931
30CO2_C2,46.26611,9.91281,18.0047
30CO2_C2,46.40778,9.71503,17.92675
30CO2_C2,46.54944,9.74819,17.90691
30CO2_C2,46.69083,9.78764,18.21613
30CO2_C2,46.8325,9.75134,18.09279
30CO2_C2,46.97444,9.81676,17.86139
30CO2_C2,47.11556,9.76691,18.24234
30CO2_C2,47.25722,9.93453,17.94106
30CO2_C2,47.39917,9.65523,17.99148
30CO2_C2,47.54056,9.78472,18.00655
30CO2_C2,47.68194,9.83583,18.17667
30CO2_C2,47.82417,9.78836,18.04646
30CO2_C2,47.96528,9.77989,18.06637
30CO2_C2,48.10722,9.89543,18.13756
30CO2_C2,48.24889,9.77771,18.12588
30CO2_C2,48.39028,9.70136,18.14737
60CO2_C2,25.08333,-0.28481,-0.1411
60CO2_C2,25.22528,-0.17616,-0.11055
60CO2_C2,25.36639,-0.28993,-0.05232
60CO2_C2,25.50806,-0.20365,-0.16506
60CO2_C2,25.64972,-0.0712,0.02023
60CO2_C2,25.79111,-0.11727,0.15259
60CO2_C2,25.93278,0.07316,0.34814
60CO2_C2,26.07472,0.40656,1.13678
60CO2_C2,26.21639,1.10787,2.43976
60CO2_C2,26.35778,2.18671,4.73633
60CO2_C2,26.49972,3.32877,6.68407
60CO2_C2,26.64139,4.23755,8.58902
60CO2_C2,26.7825,5.00841,10.01297
60CO2_C2,26.92444,5.60511,11.42503
60CO2_C2,27.06611,6.24626,12.1271
60CO2_C2,27.2075,6.69728,13.09379
60CO2_C2,27.34889,7.23738,14.01498
60CO2_C2,27.49056,7.56297,14.38873
60CO2_C2,27.63222,7.75928,14.62172
60CO2_C2,27.77361,8.03036,15.38196
60CO2_C2,27.91528,8.22198,15.62502
60CO2_C2,28.0575,8.43012,15.86252
60CO2_C2,28.19861,8.63966,16.07598
60CO2_C2,28.34028,8.79611,16.50668
60CO2_C2,28.48222,8.95454,16.73537
60CO2_C2,28.62361,9.00035,17.08227
60CO2_C2,28.765,9.25671,17.1391
60CO2_C2,28.90694,9.30721,17.23497
60CO2_C2,29.04833,9.39508,17.39659
60CO2_C2,29.19,9.42335,17.64532
60CO2_C2,29.33194,9.57684,17.76179
60CO2_C2,29.47333,9.85662,17.86931
60CO2_C2,29.615,9.73301,18.10187
60CO2_C2,29.75667,9.84998,18.29408
60CO2_C2,29.89833,9.79397,18.22155
60CO2_C2,30.04,9.88933,18.34744
60CO2_C2,30.18139,9.94382,18.53733
60CO2_C2,30.32278,9.954,18.53633
60CO2_C2,30.46444,10.12411,18.57476
60CO2_C2,30.60611,10.03694,18.68137
60CO2_C2,30.7475,10.10536,18.96516
60CO2_C2,30.88917,10.17364,18.81243
60CO2_C2,31.03083,10.33772,18.91426
60CO2_C2,31.17278,10.39224,18.92615
60CO2_C2,31.31417,10.50078,18.96267
60CO2_C2,31.45583,10.47072,19.02338
60CO2_C2,31.5975,10.4907,19.14065
60CO2_C2,31.73944,10.48408,19.16554
60CO2_C2,31.88056,10.46,19.15524
60CO2_C2,32.0225,10.48428,19.08936
60CO2_C2,32.16417,10.54253,19.35363
60CO2_C2,32.30528,10.53598,19.40915
60CO2_C2,32.44694,10.58902,19.25886
60CO2_C2,32.58861,10.61633,19.32775
60CO2_C2,32.73028,10.56456,19.53814
60CO2_C2,32.87167,10.69226,19.58459
60CO2_C2,33.01333,10.63,19.47544
60CO2_C2,33.155,10.73436,19.55562
60CO2_C2,33.29667,10.7857,19.63537
60CO2_C2,33.43861,10.74408,19.56219
60CO2_C2,33.58028,10.78793,19.55092
60CO2_C2,33.72194,10.88738,19.71927
60CO2_C2,33.86361,10.75313,19.68223
60CO2_C2,34.00556,10.79479,19.78166
60CO2_C2,34.14694,10.82134,19.71058
60CO2_C2,34.28833,10.81295,19.73892
60CO2_C2,34.43,10.87892,19.89996
60CO2_C2,34.57167,10.92379,19.78604
60CO2_C2,34.71333,10.831,19.9477
60CO2_C2,34.855,10.92019,19.91843
60CO2_C2,34.99639,10.89113,19.89686
60CO2_C2,35.13806,11.04225,20.11235
60CO2_C2,35.27972,10.91192,19.95088
60CO2_C2,35.42139,10.97429,19.90709
60CO2_C2,35.56306,11.01408,20.02011
60CO2_C2,35.70472,10.86201,19.88863
60CO2_C2,35.84667,11.05023,20.06474
60CO2_C2,35.98778,11.02828,20.02059
60CO2_C2,36.12972,10.95138,20.31892
60CO2_C2,36.27083,11.05541,20.14778
60CO2_C2,36.4125,10.97783,20.10401
60CO2_C2,36.55417,11.0189,20.00586
60CO2_C2,36.69583,11.12009,20.22076
60CO2_C2,36.8375,11.04527,20.099
60CO2_C2,36.97917,11.13289,20.25448
60CO2_C2,37.12083,11.06136,20.27066
60CO2_C2,37.26278,11.02977,20.31662
60CO2_C2,37.40389,11.12886,20.18449
60CO2_C2,37.54583,11.10177,20.26505
60CO2_C2,37.6875,11.1004,20.20072
60CO2_C2,37.82917,11.14803,20.29387
60CO2_C2,37.97028,11.16803,20.29364
60CO2_C2,38.11194,11.11243,20.28651
60CO2_C2,38.25361,11.17441,20.3952
60CO2_C2,38.395,11.16628,20.34617
60CO2_C2,38.53667,11.24606,20.31843
60CO2_C2,38.67833,11.16393,20.45156
60CO2_C2,38.82028,11.14522,20.41726
60CO2_C2,38.96194,11.19693,20.57435
60CO2_C2,39.10333,11.19571,20.44183
60CO2_C2,39.24472,11.19124,20.42128
60CO2_C2,39.38639,11.28642,20.32202
60CO2_C2,39.52806,11.25531,20.43387
60CO2_C2,39.66944,11.3336,20.49241
60CO2_C2,39.81139,11.27928,20.23631
60CO2_C2,39.95306,11.25074,20.56547
60CO2_C2,40.09444,11.10859,20.46138
60CO2_C2,40.23639,11.25321,20.4356
60CO2_C2,40.37778,11.28364,20.5109
60CO2_C2,40.51944,11.30747,20.46688
60CO2_C2,40.66111,11.28602,20.39188
60CO2_C2,40.80306,11.27457,20.45143
60CO2_C2,40.94417,11.26306,20.4495
60CO2_C2,41.08611,11.3056,20.55567
60CO2_C2,41.22722,11.23089,20.51303
60CO2_C2,41.36917,11.2602,20.57447
60CO2_C2,41.51056,11.314,20.44602
60CO2_C2,41.65222,11.26485,20.54957
60CO2_C2,41.79389,11.32162,20.57126
60CO2_C2,41.93528,11.3789,20.47612
60CO2_C2,42.07694,11.27353,20.44726
60CO2_C2,42.21861,11.32872,20.48938
60CO2_C2,42.36028,11.36621,20.6446
60CO2_C2,42.50194,11.38224,20.54341
60CO2_C2,42.64333,11.3981,20.64754
60CO2_C2,42.785,11.32982,20.80142
60CO2_C2,42.92694,11.39556,20.64833
60CO2_C2,43.06833,11.39798,20.57666
60CO2_C2,43.21,11.34632,20.64069
60CO2_C2,43.35167,11.45344,20.7714
60CO2_C2,43.49361,11.3774,20.61639
60CO2_C2,43.63472,11.39912,20.63579
60CO2_C2,43.77667,11.41301,20.64333
60CO2_C2,43.91833,11.37285,20.62357
60CO2_C2,44.05972,11.46771,20.48796
60CO2_C2,44.20111,11.38859,20.60122
60CO2_C2,44.34278,11.45624,20.56543
60CO2_C2,44.48472,11.43599,20.69664
60CO2_C2,44.62611,11.38232,20.65006
60CO2_C2,44.7675,11.44178,20.58332
60CO2_C2,44.90917,11.30702,20.39333
60CO2_C2,45.05083,11.36317,20.58775
60CO2_C2,45.1925,11.27679,20.7365
60CO2_C2,45.33417,11.47676,20.49657
60CO2_C2,45.47583,11.39079,20.49189
60CO2_C2,45.61722,11.35737,20.65684
60CO2_C2,45.75889,11.44869,20.51691
60CO2_C2,45.90056,11.42802,20.68859
60CO2_C2,46.04222,11.43156,20.96767
60CO2_C2,46.18389,11.46339,20.62547
60CO2_C2,46.32528,11.42022,20.61703
60CO2_C2,46.46694,11.40575,20.71239
60CO2_C2,46.60861,11.49767,20.84273
60CO2_C2,46.75,11.46406,20.80929
60CO2_C2,46.89167,11.45181,20.85318
60CO2_C2,47.03361,11.49581,20.60866
60CO2_C2,47.17528,11.53699,20.75024
60CO2_C2,47.31667,11.56305,20.72718
60CO2_C2,47.45833,11.59849,20.75851
60CO2_C2,47.60028,11.57055,20.85314
60CO2_C2,47.74167,11.43132,20.64886
60CO2_C2,47.88306,11.61411,20.76025
60CO2_C2,48.02472,11.47394,20.69564
60CO2_C2,48.16639,11.5011,20.79331
60CO2_C2,48.30778,11.4499,20.54935
60CO2_C2,48.44944,11.47802,20.76566
60CO2_C2,48.59111,11.42899,20.5965
60CO2_C2,48.73278,11.44204,20.87713
60CO2_C2,48.87417,11.41993,20.79312
